[test box]
boxminx = 18.368999
boxminy = 11.943003
boxminz = 1.415826
boxmaxx = 18.868999
boxmaxy = 12.443003
boxmaxz = 1.915826
material = 0