[box 0]
boxminx = 4.103000
boxminy = 5.269000
boxminz = 7.400000
boxmaxx = 9.903000
boxmaxy = 7.469000
boxmaxz = 10.200000
material = 0

[box 1]
boxminx = 4.585000
boxminy = 7.439000
boxminz = 7.436000
boxmaxx = 5.985000
boxmaxy = 7.439000
boxmaxz = 10.136000
material = 3

[box 2]
boxminx = 5.834000
boxminy = 5.286000
boxminz = 7.703000
boxmaxx = 6.334000
boxmaxy = 6.386000
boxmaxz = 8.203000
material = 4