[material0]
id = 0
r = 0.661922
b = 0.654855
g = 0.654855
roughness = 0.000000
emission = 0.000000
lighting = lambertian
