[grey]
id = 1
r = 0.711744
b = 0.691481
g = 0.691481
roughness = 0.000000
emission = 0.000000
lighting = lambertian