[metal]
id = 1
r = 0.398576
b = 0.060992
g = 0.060992
roughness = 0.000000
emission = 0.000000
lighting = reflect