[material0]
id = 0
r = 0.074999
b = 0.126718
g = 0.334520
roughness = 0.000000
emission = 0.000000
lighting = lambertian

[material1]
id = 1
r = 0.439323
b = 0.523132
g = 0.094946
roughness = 0.000000
emission = 0.000000
lighting = lambertian

[material2]
id = 2
r = 0.637011
b = 0.353643
g = 0.474654
roughness = 0.000000
emission = 0.000000
lighting = reflect

[material3]
id = 3
r = 1.000000
b = 1.000000
g = 1.000000
roughness = 0.000000
emission = 15.450000
lighting = diffuse light