[material0]
id = 0
r = 0.533808
b = 0.533808
g = 0.533808
roughness = 0.000000
emission = 0.000000
lighting = lambertian

[material1]
id = 1
r = 0.637011
b = 0.439787
g = 0.582967
roughness = 0.200000
emission = 0.000000
lighting = reflect