[skycolor]
r = 0.000000
g = 0.000000
b = 0.000000

[settings]
width = 1200
height = 900

[camera]
px = 2.156893
py = 3.222225
pz = 6.105774
dx = -0.174821
dy = -0.510644
dz = -0.841832
verticalfov = 45.000000
nearclip = 0.100000
farclip = 100.000000
