[skycolor]
r = 0.278644
g = 0.543022
b = 0.686833

[settings]
width = 1200
height = 800

[camera]
px = 19.370134
py = 12.099735
pz = 0.185958
dx = 0.018697
dy = -0.046665
dz = 0.998738
verticalfov = 45.000000
nearclip = 0.100000
farclip = 100.000000
