[skycolor]
r = 0.000000
g = 0.000000
b = 0.000000

[settings]
width = 1200
height = 900

[camera]
px = 2.481621
py = 3.489295
pz = 8.188396
dx = -0.212470
dy = -0.331217
dz = -0.919323
verticalfov = 45.000000
nearclip = 0.100000
farclip = 100.000000
