[skycolor]
r = 0.000000
g = 0.000000
b = 0.000000

[settings]
width = 600
height = 400

[camera]
px = 18.087708
py = 12.472495
pz = 2.789214
dx = 0.020851
dy = -0.220141
dz = 0.975246
verticalfov = 45.000000
nearclip = 0.100000
farclip = 100.000000
