[skycolor]
r = 0.000000
g = 0.000000
b = 0.000000

[settings]
width = 1200
height = 900

[camera]
px = 2.836790
py = 0.902828
pz = 3.716129
dx = -0.863425
dy = -0.080260
dz = -0.498053
verticalfov = 45.000000
nearclip = 0.100000
farclip = 100.000000
