[skycolor]
r = 0.000000
g = 0.000000
b = 0.000000

[settings]
width = 1200
height = 900

[camera]
px = 0.000000
py = 0.000000
pz = 3.000000
dx = -0.177878
dy = -0.019177
dz = -0.983866
verticalfov = 45.000000
nearclip = 0.100000
farclip = 100.000000