[skycolor]
r = 0.278644
g = 0.543022
b = 0.686833

[settings]
width = 1200
height = 800

[camera]
px = 20.554483
py = 13.501010
pz = -0.436625
dx = -0.386603
dy = -0.594020
dz = 0.705466
verticalfov = 45.000000
nearclip = 0.100000
farclip = 100.000000
