[skycolor]
r = 0.529412
g = 0.807843
b = 0.921569

[settings]
width = 600
height = 400

[camera]
px = 9.831439
py = 6.528600
pz = 8.823114
dx = -0.997114
dy = -0.071246
dz = -0.026222
verticalfov = 45.000000
nearclip = 0.100000
farclip = 100.000000
