[skycolor]
r = 0.278644
g = 0.543022
b = 0.686833

[settings]
width = 1200
height = 800

[camera]
px = 16.828259
py = 11.974697
pz = 0.819374
dx = 0.306069
dy = -0.120357
dz = 0.944372
verticalfov = 45.000000
nearclip = 0.100000
farclip = 100.000000
