[skycolor]
r = 0.000000
g = 0.000000
b = 0.000000

[settings]
width = 1200
height = 900

[camera]
px = 2.072819
py = 2.646602
pz = 5.700928
dx = -0.211307
dy = -0.324152
dz = -0.922104
verticalfov = 45.000000
nearclip = 0.100000
farclip = 100.000000
