[skycolor]
r = 0.000000
g = 0.000000
b = 0.000000

[settings]
width = 1200
height = 800

[camera]
px = 18.057991
py = 12.297841
pz = 3.400069
dx = 0.030314
dy = -0.232463
dz = 0.972134
verticalfov = 45.000000
nearclip = 0.100000
farclip = 100.000000
