[small red sphere]
x = 17.974001
y = 8.579000
z = 9.871000
radius = 0.300000
material = 1

[brown metal sphere]
x = 16.874001
y = 9.279000
z = 13.271000
radius = 0.900000
material = 2

[medium red sphere]
x = 16.474001
y = 8.679000
z = 11.071000
radius = 0.400000
material = 1

[small blue sphere]
x = 18.573999
y = 8.679000
z = 12.571000
radius = 0.400000
material = 3