[sphere 0]
x = 1.650205
y = 2.498000
z = 3.856720
radius = 0.500000
material = 1

[sphere 1]
x = 1.650205
y = 0.698000
z = 3.856720
radius = 1.000000
material = 0