[sphere 0]
x = 6.309000
y = 5.626000
z = 9.566000
radius = 0.300000
material = 1

[sphere 1]
x = 4.829000
y = 5.849000
z = 8.744000
radius = 0.500000
material = 2
