[sphere 0]
x = 1.650205
y = 2.498000
z = 3.856720
radius = 0.500000
material = 0

[sphere 1]
x = 1.870000
y = -8.200000
z = 4.855336
radius = 10.100000
material = 0