[sphere 0]
x = 19.407528
y = 12.206000
z = 2.183434
radius = 0.500000
material = 0

[sphere 1]
x = 19.418037
y = 10.712000
z = 2.124915
radius = 0.800000
material = 0