[lightdir]
x = -0.546000
y = -0.722000
z = -0.425000

[skycolor]
r = 0.000000
g = 0.000000
b = 0.000000

[settings]
width = 1200
height = 900
brightness = 0.300000

[camera]
px = 0.664699
py = -0.192275
pz = 3.563266
dx = -0.053853
dy = 0.072244
dz = -0.995932
verticalfov = 45.000000
nearclip = 0.100000
farclip = 100.000000
