[sphere 0]
x=0.900000
y=-0.700000
z=-1.100000
radius=0.500000
material=1
[sphere 1]
x=1.653000
y=0.301000
z=-1.238000
radius=0.700000
material=1