[sphere 0]
x= 0.434901
y= 0.190222
z= 1.057147
radius=0.500000
material=0
[material0]
r=0.200000
b=1.000000
g=0.300000
roughness= 0.000000