[lightdir]
x = -0.546000
y = -0.722000
z = -0.425000

[skycolor]
r = 0.000000
g = 0.000000
b = 0.000000

[settings]
width = 1200
height = 900
brightness = 0.300000

[material0]
r = 0.200000
b = 1.000000
g = 0.300000
roughness = 1.000000