[sphere 0]
x=0.000000
y=0.000000
z=0.000000
radius=0.500000
material=0
[sphere 1]
x=1.653000
y=0.301000
z=-1.238000
radius=0.700000
material=1