[sphere 0]
x=0.000000
y=0.000000
z=0.000000
radius=0.500000
material=0
[sphere 1]
x=0.286000
y=0.450000
z=-1.492000
radius=0.500000
material=0