[lightdir]
x = -0.546000
y = -0.722000
z = -0.425000

[skycolor]
r = 0.000000
g = 0.000000
b = 0.000000

[settings]
width = 1200
height = 900
brightness = 0.300000

[camera]
px = 0.000000
py = 0.000000
pz = 3.000000
dx = 0.000000
dy = 0.000000
dz = -1.000000
verticalfov = 45.000000
nearclip = 0.100000
farclip = 100.000000

[material0]
r = 0.200000
b = 1.000000
g = 0.300000
roughness = 1.000000

[material]
r = 0.200000
b = 1.000000
g = 0.300000
roughness = 1.000000

[material1]
r = 0.200000
b = 1.000000
g = 0.300000
roughness = 1.000000