[clear]
id = 0
r = 0.800000
b = 0.800000
g = 0.800000
roughness = 0.000000
emission = 0.000000
lighting = reflect

[littleclear]
id = 1
r = 0.800000
b = 0.800000
g = 0.800000
roughness = 0.200000
emission = 0.000000
lighting = reflect

[littleblurry]
id = 2
r = 0.800000
b = 0.800000
g = 0.800000
roughness = 0.400000
emission = 0.000000
lighting = reflect

[blurry]
id = 3
r = 0.800000
b = 0.800000
g = 0.800000
roughness = 0.600000
emission = 0.000000
lighting = reflect