[skycolor]
r = 0.278644
g = 0.543022
b = 0.686833

[settings]
name = Scene
width = 1200
height = 800

[camera]
px = 23.430115
py = 15.761954
pz = -1.127622
dx = -0.723202
dy = -0.690631
dz = 0.003029
verticalfov = 45.000000
nearclip = 0.100000
farclip = 100.000000
